Y=[zeros(1,24) 0 0 0 0 0 0 0 0 0 0 0 1 1 1 1 2 2 2 2 3 8 13 19 25 25 34 52 77 151 ...
    151 200 234 346 529 640 970 1178 1924 2247 2554 2985 3417 3904 4256 ...
    4630 5717 6880 8044 9194 10360 11254 12183 14034 16188 18145 19789 ...
    20962 22192 23430 25262 28610 30683 33682 36722 38654 40743 43079 45767 ...
    49492 52995 59196 62859 66501 72899 79361 85380 92109 96559 101147 ...
    108266 114715 126611 135693 145892 156061 162699 169143 177602 189157 ...
    202918 218223 233142 241080 255368 271885 293357 310921 330890];
% Start 22 January End 22 May
C=[347398 365213 376660 392360 414661 438812 468338 498440 514849 529405 556668 ...
    583980 615870 646006 673589 691962 710887 742084 775184 805649 829902 850796 ...
    867882 891556 928834 960309 983359]; % 18 june
Y=[Y C];
