Y=[zeros(1,48) 1 1 1 1 1 1 1 4 8 9 12 12 19 20 24 26 36 39 55 60 65 89 101 114 173 ...
    208 231 280 323 381 427 509 569 653 717 780 903 1010 1195 1310 1470 1587 1690 ...
    1834 1974 2147 2302 2465 2560 2707 2859 2996 3184 3391 3566 3682 3854 4043 4232 ...
    4408 4569 4693 4870 4993 5169 5302 5472 5562 5679 5782 5842 5912 6031 6152 6250 ...
    6355 6424 6545 6639 6765 6877 6979 7073 7295 7326 7395 7498 7637 7703 7773 7800 ...
    7835 7897 7960 7994 8049 8107 8146 8175 8213 8254 8300];
% Canda Deaths Start corrected from 15 Feb to 22 Janusry. End 18/June