Y=[zeros(1,42) 1 3 4 5 7 10 13 17 23 33 43 61 75 156 201 238 342 434 537 632 746 ...
    922 1142 1306 1610 1909 2139 2449 2738 3031 3404 3737 4161 4471 4815 5116 5546 ...
    5972 6501 6927 7213 7525 7917 8273 8807 9252 9730 10088 10507 10832 11296 11812 ...
    12306 12858 13331 13813 14365 14885 16023 17008 18435 19663 20643 22016 23048 ...
    24581 25972 27219 28866 30063 31721 34381 37040 39542 41428 43781 46059 49579 ...
    53617 57581 61857 65393 69102 73997 77961 82289 86943 90638 94858 99688 105159 ...
    123074 127202 132986 138445 143369 149509 157005 162501 167081 173795 180344 ...
    188249 195867 203987 210006 215871 220628 225103];
% Data corrected to start on 22 January instead of 15 February
% Data ends 18 June