Y=[zeros(1,25) 12 12 12 12 12 12 12 12 12 12 14 18 38 57 100 130 191 212 285 ...
    423 653 949 1209 1412 1784 2281 2876 3661 4499 5423 6633 7730 9134 ...
    10995 12612 14459 16018 19856 22304 25233 29155 32964 37575 40174 ...
    44550 52128 56989 59105 64338 68605 70478 74390 78167 82048 86334 90676 ...
    93790 95403 98076 103573 106206 108847 109252 111821 112606 114657 117324 ...
    119151 120804 122577 124114 124575 128339 129859 129581 130185 130979 131287 ...
    131863 132967 137150 137779 138421 138854 139036 139519 140227 140734 141356 ...
    141919 142291 142411 142903 143427 143845 144163 144556 144806 144921 145279 ...
    145555 145794 149071 149668 151496 151753 152091 151325 151677 152444 153055 ...
    153634 153977 154188 154591 155136 155561 156287 156813 157220 157372 157716 ...
    158641]; % Starting date 22 January% End 18 June
