Y=[zeros(1,25) 1 1 1 1 1 1 1 1 1 1 1 2 2 2 2 2 3 4 4 7 9 16 19 30 33 48 61 79 ...
   91 127 148 175 164 372 450 562 674 860 1100 1331 1696 1995 2314 2606 3024 ...
   3523 4032 5387 6507 7560 8078 8911 10328 10869 12210 13197 13832 14393 14967 ...
   15729 17167 17920 18681 19323 19718 20265 20796 21340 21856 22245 22614 22856 ...
   23293 23660 24087 24376 24594 24760 24895 25201 25531 25809 25987 26230 26310 ...
   26380 26643 26991 27074 27425 27529 27625 28108 28239 28022 28132 28215 28289 ...
   28332 28367 28432 28530 28596 28662 28714 28771 28802 28833 28940 29021 29065 ...
   29111 29142 29155 29209 29296 29319 29346 29374 29398 29407 29436 29547 29575 ...
   29603];
% Frace Deaths Start corrected from 15 Feb to 22 Janusry. End 18/June