Y=[zeros(1,24) 16 16 16 16 16 16 16 16 16 16 18 26 48 74 79 130 165 203 262 ...
    545 670 800 1040 1224 1565 1966 2745 3675 4599 5813 7272 9367 12327 ...
    15320 19848 22364 24873 29056 32991 37323 43938 50871 57695 62435 ...
    66885 71808 77981 84794 91159 96092 100123 103375 107663 113296 ...
    118235 122171 125452 127854 130072 132210 134753 137698 141397 ...
    143724 145742 147065 148453 150648 153129 154999 156513 157770 158758 ...
    159912 161539 163009 164077 164967 165664 166152 167007 168162 169430 ...
    170588 171324 171879 172576 173171 174089 174975 175699 176244 ...
    176651 177289 177827 178531 179021 179713 179986 180328 180789 181288 ...
    181895 182452 183019 183294 183494 183765 184091 184425 184923 185414 ...
    185696 185869 186205 186516 186510 186795 187251 187423 187671 188044 ...
    188382 189504 190126];
% Starting date 22 January End 18 June
 