Y=[zeros(1,48) 2 2 3 6 8 9 13 17 26 28 44 68 84 94 123 159 206 267 351 433 541 ...
    645 775 931 1107 1275 1444 1584 1810 2016 2349 2607 2736 2871 3022 3194 3495 ...
    3804 4052 4352 4538 4642 4862 5086 5315 5575 5760 5877 5976 6126 6314 6467 ...
    6623 6736 6812 6866 6993 6993 7275 7392 7510 7549 7569 7661 7738 7861 7928 ...
    8001 8027 8049 8123 8193 8270 8309 8352 8366 8371 8428 8498 8533 8570 8594 ...
    8600 8605 8618 8674 8699 8736 8763 8769 8776 8783 8831 8844 8851 8863 8867 ...
    8870 8885 8910 8927 8946];
% Germany Deaths Start corrected from 15 Feb to 22 Janusry. End 18/June