Y=[zeros(1,35) 1 3 4 7 7 7 7 9 31 45 66 73 84 89 99 117 190 228 ...
    331 352 387 418 464 495 530 624 695 743 821 892 966 1061 1156 1212 ...
    1314 1415 1544 1613 1673 1735 1755 1832 1884 1955 2011 2081 2114 ...
    2145 2170 2192 2207 2224 2235 2235 2245 2401 2408 2463 2490 2506 ...
    2517 2534 2566 2576 2591 2612 2620 2626 2632 2642 2663 2678 2691 ...
    2710 2716 2726 2744 2760 2770 2810 2819 2834 2836 2840 2840 2853 ...
    2874 2876 2878 2882 2892 2903 2906 2909 2915 2917 2918 2937 2937 ...
    2952 2967 2980 2997 3049 3058 3068 3088 3108 3112 3121 3134 3148 ...
    3203 3227]; 
% Starting date 22 Jan End 18 June
