Y=[zeros(1,24) ones(1,16) 6 7 29 30 31 34 40 47 62 62 74 82 100 114 129 143 169 ...
    194 249 332 396 499 536 657 727 887 987 1024 1251 1397 1998 2543 3059 ...
    3588 4289 4778 5351 5916 6725 7600 8446 9205 10453 11487 12370 13430 ...
    14352 16365 17615 18539 20080 21370 23039 24447 26428 27890 29451 31324 ...
    33062 34863 37257 39699 42505 46437 49400 52987 56351 59695 62808 67161 ...
    70768 74292 78055 81997 85784 90648 95698 100328 106475 112028 118226 ...
    124794 131423 138845 144950 150793 158086 165386 173491 181827 190609 198370 ...
    207191 216842 226713 236184 264622 257486 265928 274780 287155 298283 309603 ...
    321626 332783 343026 354161 367264 381091];
% Starting date 22 January End 18 June
