Y=[zeros(1,24) 0 0 0 0 2 5 18 29 43 61 95 139 245 388 593 978 1501 2336 2922 ...
    3513 4747 5823 6566 7161 8042 9000 10075 11364 12729 13938 14991 ...
    16169 17361 18407 19644 20610 21638 23049 24811 27017 29406 32332 ...
    35408 38309 41495 44605 47593 50468 53183 55743 58226 60500 62589 ...
    64586 66220 68192 70029 71686 73303 74877 76384 77995 79494 80868 ...
    82211 83505 84802 85996 87026 88194 89328 90481 91472 92584 93657 ...
    94640 95646 96448 97424 98647 99970 101650 103135 104691 106220 107603 ...
    109286 110767 112725 114533 116635 118392 120198 122492 124603 126949 ...
    129341 133521 135701 137724 139511 141591 143849 146668 148950 151466 ...
    154445 157562 160696 164270 167156 169425 171789 173832 175927 177938 ...
    180156 182545 184955 187427 189876 192439 195051 197647];
% Starting date 22 Jan End 18 June

