 
Y=[zeros(1,25) 0 0 0 0 0 0 1 1 1 1 2 3 4 7 10 13 13 15 16 22 28 32 41 52 68 68 ...
    77 93 109 110 124 133 157 177 230 248 267 318 333 368 391 412 438 446 ...
    463 479 494 508 520 527 541 548 576 582 609 619 630 632 641 658 663 ...
    668 672 673 677 677 682 688 696 704 707 710 717 721 725 729 733 737 ...
    740 741 750 784 796 809 845 859 870 878 886 891 902 911 931 954 961 1024 ...
    1086 1097 1114 1119 1140 1161 1168 1172 1191 1220 1233 1242 1256 1306 ...
    1312 1320 1331 1350 1368 1388 1402 1422 1442 1446 1464 1473 1489 1495 ...
    1510 1536];
% Start 15 feb corrected 22 January  End 20 june
