Y=[zeros(1,36) 2 2 2 4 4 4 5 5 5 6 6 7 16 19 20 21 28 33 53 184 247 307 454 501 ...
    645 776 875 972 1063 1201 1373 1495 1597 1717 1938 2118 2421 2686 2818 3157 ...
    3766 4035 4263 4489 4695 5011 5230 5496 5837 6383 6919 7025 7638 8348 8892 ...
    9565 10076 11057 11940 12723 13328 13915 14612 15525 16473 18092 19022 20084 ...
    20941 22049 23214 24644 26435 28736 30334 30941 32674 35298 35788 37218 38799 ...
    40151 42125 43966 45898 48091 50694 52437 54601 56349 57705 59151 61227 64028 ...
    66457 69496 72460 76398 80463 85264 89246 93983 98943 103671 108317 113702 119536 ...
    125933 132405 139230 144478 148921 154760 160118];
% Data start 15 February corrected to 22 January. Data Ends 18 June