Y=[zeros(1,39) 1 3 7 8 8 8 11 12 15 18 24 262 262 320 337 401 439 442 452 460 ...
    470 481 494 501 526 537 549 562 590 634 693 781 835 949 1075 1325 1604 1832 ...
    2057 2210 2376 2512 2728 2979 3231 3428 3711 4103 4663 5008 5448 6015 6533 ...
    7141 7764 8525 9358 10287 11244 11921 12564 13409 14096 14872 15551 16191 17142 ...
    17972 18890 20201 21331 22520 23623 25149 26539 28272 29425 30972 32604 33604 ...
    33969 35606 37097 38651 40481 42213 43714 45465 47207 48947 50914 52907 55262 ...
    56910 58433 60259 62160 63741 65741 65495 67195 68790 70158 71879 73595 75071 ...
    76588 78416 79602 80879 82077 83174 84441];
% Data start 15 February Corrected to 22 January Data End 18 June
