Y=[zeros(1,58) 1 1 1 1 1 3 3 4 4 4 8 9 17 24 30 34 43 45 47 58 63 76 94 106 130 ...
    148 170 198 232 273 313 361 405 456 513 555 615 681 747 794 867 972 1073 1169 ...
    1222 1280 1356 1451 1537 1625 1723 1827 1915 2009 2116 2212 2305 2418 2537 2631 ...
    2722 2837 2972 3099 3249 3388 3541 3633 3807 3968 4142 4374 4555 4693 4855 ...
    5037 5215 5384 5528 5725 5859 5971 6142 6358 6532 6715 6829 6948 7091 7284 ...
    7478 7660];
% Russia Deaths Start corrected from 15 Feb to 22 Janusry. End 18/June