Y=[zeros(1,53) 1 2 3 3 4 8 8 10 16 21 25 29 34 38 41 41 44 47 52 59 65 73 79 83 ...
    87 92 97 103 109 114 121 127 136 139 144 152 157 162 169 176 184 191 200 209 ...
    219 229 239 246 255 264 273 283 292 302 312 320 329 339 351 364 379 390 399 411 ...
    425 441 458 480 503 525];
% Sudia Araia Deaths Start corrected from 15 Feb to 22 Janusry. End 1/June