Y=[zeros(1,42) 1 2 3 8 10 17 30 36 55 86 133 196 294 342 533 638 831 1093 1381 ...
    1772 2311 2991 3647 4365 5138 5982 6803 7716 8464 9387 10348 11198 11947 ...
    12641 13341 14045 14792 15447 16081 16606 17209 17756 18255 18812 19130 19478 ...
    20043 20453 20852 21282 21717 22157 22524 22902 23190 23521 23822 24275 24543 ...
    24824 25100 25264 25428 25613 25857 26070 26299 26478 26621 26744 26920 27104 ...
    27321 27459 27563 27650 27709 27778 27888 27922 27952 27990 28030 28058 28078 ...
    28108 28133 28163 28178 28197 28209 28226 28236 28259 28275 28284 28291 28299 ...
    28306 28317 28315];
% Spain Deaths Start corrected from 15 Feb to 22 Janusry. End 18/June