Y=[zeros(1,24) 2 2 2 2 2 2 2 2 2 3 9 13 25 33 58 84 120 165 228 282 401 525 ...
    674 1231 1695 2277 3146 5232 6391 7988 9942 11826 14469 18077 ...
    21571 25496 28768 35136 42058 49515 57786 65719 73235 80110 87056 ...
    95923 104118 112065 119199 126168 131646 136675 141942 148220 ...
    153222 158273 163027 166831 170099 174060 180659 184948 190839 ...
    194416 198647 200210 204178 208389 213024 219764 223759 226629 ...
    229422 232128 236899 239340 242979 245589 247122 248301 250561 ...
    253682 256855 260117 262783 264663 268143 269520 271095 272646 ...
    274367 276505 277719 278188 278803 279524 280117 281904 282370 ...
    282480 282480 283330 283849 284986 285644 286308 286509 286718 ...
    287012 287406 287740 288058 288390 288630 288797 289046 289360 ...
    289787 290289 290685 291008 291189 291408 291763 292248];
% Starting date 22 January  End 18 June

