Y=[zeros(1,24) 9 9 9 9 9 9 9 9 13 13 13 13 16 20 23 36 39 51 87 116 164 209 ...
    278 321 383 460 590 798 1140 1391 1543 1950 2626 3269 3983 5018 ...
    5683 6650 8077 9529 11658 14543 17089 19522 22141 25150 29474 ...
    33718 38168 41903 47802 51608 55242 60733 65077 73758 78991 84279 ...
    88621 93873 98476 103093 108692 114217 120067 124743 129044 133495 ...
    138078 143464 148377 152840 157149 161145 165221 171253 177454 182260 ...
    186599 190584 194990 201101 206715 211364 215260 219183 223060 226463 ...
    229705 233151 236711 240161 243695 246406 248818 248293 250908 254195 ...
    257154 259559 261184 265227 267240 269127 271222 272826 274762 276332 ...
    277985 279856 281661 283311 284868 286194 287399 289140 290143 291409 ...
    292950 294375 295889 296857 298136 299251 300469];
% Starting date 22 Jan % End 18 June
