Y=[zeros(1,44) 1 1 1 2 3 7 7 9 10 28 43 65 81 115 158 194 250 285 359 508 694 ...
    877 1161 1455 1669 2043 2425 3095 3747 4461 5221 5865 6433 7471 8505 9608 ...
    10760 11599 12285 13029 14073 14915 15944 16879 17994 18492 19051 20223 21060 ...
    21787 22792 23635 24055 24393 25302 26097 26771 27510 28131 28446 28734 29427 ...
    30076 30615 31241 31587 31855 32065 32692 33186 33614 33998 34466 34636 34796 ...
    35341 35704 36042 36393 36675 37116 37237 37373 37807 38220 38593 38819 38934 ...
    39045 39369 39728 39904 40261 40465 40542 40597 40883 41128 41279 41481 41662 ...
    41698 41736 41969 42153 42288];
% UK Deaths Start corrected from 15 Feb to 22 Janusry. End 18 /June