
Y=[zeros(1,39) 1 1 6 9 11 12 15 19 22 26 30 38 41 48 58 ...
    73 95 121 171 239 309 374 509 689 957 1260 1614 2110 2754 ...
    3251 4066 5151 6394 7576 8839 10384 11793 13298 155226 ...
    17691 19802 22038 24062 25789 27515 30081 32712 34905 37448 ...
    39331 40901 42853 45536 47894 50234 52191 54256 55412 56795 ...
    59265 61655 63856 65753 67444 68597 69921 72271 74799 76928 ...
    78615 80037 80787 81847 83718 85540 87293 88895 90113 90978 ...
    91981 93533 94936 96347 97645 98678 99293 99798 100572 102107 ...
    103330 104542 105557 106432 107163 108299 109383 110415 111390 ...
    112096 112469 113055 114148 115130 116034 116825 117527 117858 ...
    118283 119132 119941 120688];
% US Death start 15 Feb Corrected to 22 January End 18  June
