Y=[580 845 1317 2015 2800 4581 6058 7813 9823 11950 14553 17391 20630 24545 ...
    28266 31439 34876 37552 40553 43099 45134 59287 64438 67100 69197 71329 ...
    73332 75184 75700 76677 77673 78651 79205 80087 80828 81820 83112 84615 ...
    86604 88585 90443 93016 95314 98425 102050 106099 109991 114381 118948 ...
    126214 134576 145483 156653 169577 170248 182490 198234 218813 244932 ...
    275592 305036 337469 378860 422629 471034 531864 596366 663123 721946 ...
    784794 858377 935197 1014943 1116662 1201473 1272900 1346036 1430981 ...
    1518023 1603652 1698881 1779842 1852365 1923937 2001781 2086332 ...
    2181308 2248864 2330793 2406575 2480503 2555760 2635719 2723044 ...
    2828617 2919404 2993262 3063008 3136508 3218184 3304220 3398473 ...
    3481451 3563689 3643271 3724518 3819843 3913644 4009291 4098288 ...
    4178154 4252325 4337605 4425656 4521989 4621414 4717410 4799266 ...
    4888124 4982937 5083411 5190496 5298207 5397950 5494455 5584267 ...
    5678146 5784603 5900909 6026418 6150483 6259249 6362300 6441282 ...
    6582695 6692686 6839487 6968360 7082212 7190447 7312198 7446229 ...
    7583908 7726016 7855496 7984310 8108667 8251224 8393096 8570384 ...
    8766035 8908556]; % 20/6 Add new daily data to the end of Y]; 
% Start 22 January End 