Y=[17 25 41 56 80 106 132 170 213 259 304 362 426 492 565 638 724 813 910 ...
    1018 1118 1261 1383 1526 1669 1775 1873 2009 2129 2242 2360 2460 2618 ...
    2699 2763 2800 2858 2923 2977 3050 3117 3202 3285 3387 3494 3599 3827 ...
    4025 4296 4628 4981 5429 5833 6519 7160 7171 7972 8951 10032 11386 ...
    13010 14647 16514 18895 21284 24073 27344 30861 33966 37788 42146 ...
    47192 53166 59162 64691 69690 74654 82036 88457 95693 102687 ...
    108779 114196 119618 126600 138474 145470 154145 160643 165031 ...
    170397 177459 184066 190919 197091 203164 206915 214749 221437 ...
    228030 233830 239448 244663 248146 252241 258027 264837 270426 ...
    275976 280224 283734 287137 292451 297765 303082 308154 312802 ...
    316520 319965 324554 329239 334173 339425 343608 346434 347613 ...
    351654 356937 361549 366421 370506 373697 377155 381859 386788 ...
    392286 397448 401699 405081 408240 413003 418137 423086 427689 ...
    431728 435176 438596 445188 450452 455575 462691 466266]; % 20/6 Number of Dead
]; % 1/6 Number of Dead

